0 1 2 3 4 5 6 7 8 <code object <module> at 029784E8, file "/Users/hen/Lab/0CTF/py/crypt.py", line 1>
9 10 11 12 13 14 15 16 17 18 19 20 21 22 23 24 25 '\x99\x00\x00\x99\x01\x00\x86\x00\x00\x91\x00\x00\x99\x02\x00\x88\x00\x00\x91\x01\x00\x99\x03\x00\x88\x00\x00\x91\x02\x00\x99\x01\x00S'
26 27 28 29 30 31 32 33 34 35 36 37 38 39 40 41 42 43 44 45 46 47 48 49 50 51 52 53 54 55 56 57 58 59 60 61 62 63 <type 'exceptions.StopIteration'>
64 (-1, None, <code object encrypt at 02970DE8, file "/Users/hen/Lab/0CTF/py/crypt.py", line 2>, <code object decrypt at 029784E8, file "/Users/hen/Lab/0CTF/py/crypt.py", line 10>)
65 66 67 68 69 -1
70 71 72 73 74 None
75 <code object encrypt at 02970DE8, file "/Users/hen/Lab/0CTF/py/crypt.py", line 2>
76 77 78 79 80 81 82 83 84 85 86 87 88 89 90 91 92 "\x99\x01\x00h\x01\x00\x99\x02\x00h\x02\x00\x99\x03\x00h\x03\x00a\x01\x00\x99\x04\x00F\x99\x05\x00'a\x02\x00a\x01\x00'a\x03\x00'\x99\x06\x00F'\x99\x05\x00'a\x02\x00\x99\x06\x00F'\x99\x07\x00'h\x04\x00\x9b\x00\x00`\x01\x00a\x04\x00\x83\x01\x00h\x05\x00a\x05\x00`\x02\x00a\x00\x00\x83\x01\x00S"
93 94 95 96 97 98 99 100 101 102 103 104 105 106 107 108 109 110 111 112 113 114 115 116 117 118 119 120 121 False
122 123 124 125 126 127 128 129 130 131 132 133 134 135 136 137 138 139 140 False
141 142 143 144 145 146 147 148 149 150 151 152 False
153 154 155 156 157 158 159 160 161 162 163 164 165 166 167 168 169 170 171 172 173 174 175 176 177 178 179 180 181 182 183 184 185 186 187 188 <type 'exceptions.StopIteration'>
189 (None, '!@#$%^&*', 'abcdefgh', '<>{}:"', 4, '|', 2, 'EOF')
190 191 192 193 194 None
195 '!@#$%^&*'
196 197 198 199 200 201 202 203 204 205 206 207 208 'abcdefgh'
209 210 211 212 213 214 215 216 217 218 219 6.5192580226580485e-09
220 221 '<>{}:"'
222 223 224 225 226 227 228 229 230 231 232 4
233 234 235 236 237 '|'
238 239 240 241 242 243 2
244 245 246 247 248 'EOF'
249 250 251 252 253 254 255 False
256 ('rotor', 'newrotor', 'encrypt')
257 258 259 260 261 'rotor'
262 263 264 265 266 267 268 269 270 271 'newrotor'
272 273 274 275 276 277 278 279 280 281 282 283 284 'encrypt'
285 286 287 288 289 290 291 292 293 (5.727780915092787e+250+2.8653064763589924e+161j)
294 295 296 ('data', 'key_a', 'key_b', 'key_c', 'secret', 'rot')
297 298 299 300 301 'data'
302 303 304 305 306 307 308 309 310 'key_a'
311 312 313 314 315 316 317 (2.5684257853683496e+207+2.9631215420685e-311j)
318 319 320 'key_b'
321 322 323 324 325 326 327 (2.5684257853684956e+207+3.5063607536017e-311j)
328 329 330 'key_c'
331 332 333 334 335 336 337 (8.73990008761878e+245+4.80463127887796e-309j)
338 339 340 'secret'
341 342 343 344 345 346 347 348 349 350 351 'rot'
352 353 354 355 356 357 358 '\x00(\x00\x00\x00\x00s\x1f\x00\x00\x00/Users/hen/Lab/0CTF/py/crypt.'
359 ()
360 361 362 363 364 ()
365 366 367 368 369 '/Users/hen/Lab/0CTF/py/crypt.py'
370 371 372 373 374 375 376 377 378 379 380 381 382 383 384 385 386 387 388 389 390 391 True
392 False
393 394 395 (2.3640845998558375e+232+2.78134232485727e-309j)
396 397 398 399 (7.40138207795474e-309+1.0614931383995466e-248j)
400 401 402 Ellipsis
403 404 (1.086461845647e-311+7.291122020877257e-304j)
405 406 407 408 409 410 411 412 413 414 '\x00\x01\x06\x01\x06\x01\x06\x01.\x01\x0f\x01'
415 416 417 418 419 420 421 422 423 424 425 426 427 Ellipsis
428 429 430 431 432 433 434 435 436 437 438 439 440 441 442 443 444 445 446 447 448 "\x99\x01\x00h\x01\x00\x99\x02\x00h\x02\x00\x99\x03\x00h\x03\x00a\x01\x00\x99\x04\x00F\x99\x05\x00'a\x02\x00a\x01\x00'a\x03\x00'\x99\x06\x00F'\x99\x05\x00'a\x02\x00\x99\x06\x00F'\x99\x07\x00'h\x04\x00\x9b\x00\x00`\x01\x00a\x04\x00\x83\x01\x00h\x05\x00a\x05\x00`\x02\x00a\x00\x00\x83\x01\x00S"
449 450 451 452 453 454 455 456 457 458 459 460 461 462 463 464 465 466 467 468 469 470 471 472 473 474 475 476 477 False
478 479 480 481 482 483 484 485 486 487 488 489 490 491 492 493 494 495 496 False
497 498 499 500 501 502 503 504 505 506 507 508 False
509 510 511 512 513 514 515 516 517 518 519 520 521 522 523 524 525 526 527 528 529 530 531 532 533 534 535 536 537 538 539 540 541 542 543 544 <type 'exceptions.StopIteration'>
545 546 547 548 549 550 None
551 '!@#$%^&*'
552 553 554 555 556 557 558 559 560 561 562 563 564 565 566 567 568 569 '<>{}:"'
570 571 572 573 574 575 576 577 578 579 580 4
581 582 583 584 585 586 587 588 589 590 2
591 592 593 594 595 596 597 598 599 600 601 602 603 604 605 606 607 608 609 610 611 612 613 614 615 'decrypt'
616 617 618 619 620 621 622 623 624 (9.946464956371981e+86+3.976620112272e-311j)
625 626 627 628 629 630 631 632 633 634 635 636 637 638 639 640 641 642 643 644 645 646 647 648 649 650 651 652 653 654 655 656 657 658 659 660 661 662 ()
663 664 665 666 667 ()
668 669 670 671 672 '/Users/hen/Lab/0CTF/py/crypt.py'
673 674 675 676 677 678 679 680 681 682 683 684 685 686 687 688 689 690 691 692 693 694 True
695 False
696 697 698 (2.3640845998558375e+232+1.390671161965981e-308j)
699 700 701 702 (1.7136080208923745e-308+1.061493138503609e-248j)
703 704 705 Ellipsis
706 707 (5.4323092264294e-311+7.291122020877257e-304j)
708 709 710 711 712 713 714 715 716 717 '\x00\x01\x06\x01\x06\x01\x06\x01.\x01\x0f\x01'
718 719 720 721 722 723 724 725 726 727 728 729 730 Ellipsis
731 732 733 734 735 736 737 738 739 740 741 742 743 744 745 746 747 748 749 750 751 752 753 754 ()
755 756 757 758 759 ()
760 761 762 763 764 ()
765 766 767 768 769 '/Users/hen/Lab/0CTF/py/crypt.py'
770 771 772 773 774 775 776 777 778 779 780 781 782 783 784 785 786 787 788 789 790 791 True
792 False
793 794 795 (2.3640845998558375e+232+1.5443826337771363e+218j)
796 797 798 799 (1.175809407630136e-308+2.880679372644182e+214j)
800 801 802 Ellipsis
803 804 (5.5403925908954436e+228+6.75635366968e-312j)
805 '<module>'
806 807 808 809 810 811 812 813 814 815 816 817 frozenset(['\x0c\x01\t\x08'])
818 819 820 821 822 '\x0c\x01\t\x08'
823 824 825 826 827 828 829 830